-2147200906
-2138023153
-2131669521
-2130005788
-2122505151
-2122079230
-2120403175
-2117197783
-2111922476
-2108410521
-2108212360
-2106776809
-2103322821
-2100041374
-2079044388
-2073165422
-2069323175
-2069260010
-2060736796
-2053667916
-2053334263
-2047662602
-2044685657
-2042623606
-2040275277
-2036379448
-2034967379
-2033265104
-2029807964
-2020869273
-2014217150
-2008925101
-2006767152
-2005665575
-2002945571
-1997535049
-1997452972
-1996153615
-1992533846
-1981163728
-1979713719
-1974015929
-1971121938
-1967554438
-1966989176
-1966062090
-1965353215
-1959591469
-1958629360
-1957427365
-1950444119
-1946482318
-1939731573
-1911017980
-1908479075
-1907024063
-1903253410
-1899995313
-1897539900
-1894577531
-1884891522
-1883967252
-1871714642
-1864525397
-1857299374
-1845092183
-1842148009
-1835943338
-1835255703
-1824368342
-1817570746
-1816359832
-1811911679
-1808833457
-1798968434
-1798268852
-1797647307
-1793720223
-1789608782
-1784386642
-1779886726
-1776111307
-1771490567
-1770880161
-1768263564
-1758996614
-1750920777
-1747683119
-1741372720
-1738558223
-1731578822
-1730196794
-1726628341
-1725460334
-1719314171
-1700397091
-1698033550
-1693539616
-1690902262
-1689520404
-1689462095
-1689320699
-1684324305
-1681768449
-1675451445
-1665613167
-1661667416
-1657685100
-1657636427
-1652262467
-1650554587
-1644903410
-1644116633
-1642440413
-1638031003
-1627411022
-1619167009
-1616505228
-1615214982
-1614741958
-1612779892
-1612094407
-1595742483
-1594872548
-1584017959
-1582973183
-1580728471
-1578378584
-1575859860
-1569001898
-1566426741
-1559925185
-1552023072
-1551025420
-1550774022
-1541222575
-1540948082
-1540840089
-1533137498
-1528685218
-1516686432
-1516558681
-1514468260
-1513204834
-1508697644
-1506081848
-1493817185
-1467226910
-1466256303
-1465694262
-1434186179
-1433052145
-1431663450
-1430096009
-1429283367
-1421829424
-1411451117
-1406513364
-1402864398
-1399043933
-1397449884
-1393170113
-1386856647
-1385579503
-1372985561
-1371376306
-1369574994
-1368825905
-1362526443
-1352815259
-1351122379
-1346001011
-1337267793
-1336795911
-1335697872
-1331844917
-1331465395
-1330334681
-1314744836
-1298319618
-1290686157
-1290272050
-1290246759
-1288655226
-1285088447
-1281439695
-1280951136
-1274852274
-1268958457
-1265968401
-1264766047
-1258810991
-1256765754
-1250218699
-1246648167
-1243522006
-1242937488
-1236483623
-1235176985
-1229917908
-1227413998
-1226170679
-1225926247
-1224998210
-1222445506
-1221457566
-1219203110
-1203810756
-1199254948
-1194571594
-1189384854
-1186997717
-1186824951
-1173131057
-1169275355
-1153985131
-1151391400
-1146674488
-1142249012
-1139449361
-1135973534
-1135046707
-1133797406
-1133694298
-1129039230
-1128368412
-1126707866
-1123270795
-1115364802
-1113476241
-1111363363
-1108798538
-1101873113
-1100561671
-1090832620
-1090283757
-1089753808
-1088420033
-1087740100
-1085231314
-1080013504
-1077482582
-1076076793
-1070462656
-1069934168
-1060621985
-1059655526
-1049156489
-1045413558
-1045190437
-1044983300
-1041720015
-1036925989
-1034716675
-1034253201
-1031601645
-1020071021
-1018917482
-1018835303
-1018660160
-1017386929
-1014479682
-1013620630
-1013100313
-1010316078
-1005450685
-1005323434
-1000464760
-993510504
-989297808
-988485219
-983200382
-975758741
-973416469
-973181653
-972551104
-968612609
-966175188
-965909744
-945333982
-945152283
-941997518
-935059661
-932791843
-930967461
-919466990
-919461087
-917605149
-916174755
-905100831
-902554006
-898364252
-896255728
-890200699
-882429024
-875789062
-871553671
-855875807
-847125154
-846852998
-833998035
-828310311
-827432993
-819662530
-813548733
-800709991
-797287696
-793548053
-793530896
-793496103
-792378747
-791071089
-785241744
-785187645
-780423065
-778724112
-777914404
-776196763
-773929951
-764881499
-759726829
-758135429
-755661929
-755165529
-751843074
-744488319
-736479293
-723091119
-720512510
-718747815
-715758791
-701928562
-700819515
-696106752
-694580656
-690376122
-689636748
-687727583
-684778044
-684290170
-680448535
-655775893
-654442658
-651771228
-649656706
-638680408
-638156429
-633091136
-632655599
-632538763
-626634086
-609527609
-600409138
-596447634
-588670479
-586146951
-584366221
-583169476
-582892032
-568785380
-567698141
-567429350
-563015454
-555226430
-554191182
-552665168
-550282534
-548767991
-539015303
-536726572
-534499436
-528174120
-522628667
-519337211
-517005465
-510278083
-509003913
-502519205
-501350167
-500368577
-498400593
-495832341
-490441266
-489443937
-488148205
-471971072
-451475972
-451151561
-449655771
-437150778
-435248344
-435036559
-431473725
-430699491
-428421909
-428361298
-408606264
-405488519
-405225574
-403853441
-397182932
-395897051
-390197397
-387895122
-387440748
-379758125
-375904259
-375719739
-374664881
-366706823
-364272876
-345287986
-335253082
-323553783
-321419111
-314683341
-311620997
-306335895
-292518589
-287191848
-281038125
-279699421
-275025766
-272601187
-268397860
-261819949
-250319550
-239825082
-235857233
-234690929
-234347363
-231289435
-231137201
-227895933
-226044007
-221423341
-220560270
-219581820
-213318685
-211524149
-207806986
-204989878
-199161266
-197081162
-177097832
-176956366
-166169600
-165459471
-161795497
-160804941
-151517702
-151369768
-143564672
-127961010
-127526642
-126535111
-124182171
-118433903
-118065688
-115788137
-108101905
-102264934
-101282538
-98581467
-94578442
-85977097
-83953230
-82742551
-81939541
-78319628
-76933708
-57398107
-52775106
-47874284
-42428723
-39095054
-37148192
-32702510
-23123453
-12783036
-12350777
-2544017
6442399
8229261
10739712
11564104
14140996
14242978
15478345
18398202
19638336
30986591
32044678
32811620
34674461
36792996
36947810
48792431
49427886
57825581
60500793
71035553
81114686
83150097
94878892
98742179
100631616
112312994
112509861
121380381
122649438
133222941
138630927
148004341
149567926
152883739
161252102
161588228
169364052
171122209
176123870
178386053
178425411
178966228
180043304
183543890
188987297
191768010
194984254
212609137
212869267
215087789
220968566
222954654
228389875
231653128
231909184
234570215
244002416
247551473
256156894
258113784
264254827
266826338
270076549
271355425
273102305
274594630
279820412
284050671
292230363
306134353
315323414
329402939
340063214
346074788
351591699
356520523
357098239
365802707
371437506
373209754
374203726
375701801
378310651
386709583
390002162
397694930
400131274
405680154
412212721
412878038
414583921
419302585
423270970
425113515
426413945
430333073
434182001
435423178
439110602
439505689
441368461
442175699
444591145
456197369
458721357
467642035
469684322
473169412
473227865
474855237
478269714
478294588
480969711
483788835
503552133
532969647
537537047
538378066
539526602
539920284
543704045
548097036
548108383
548611466
551901045
553471650
553596903
554609084
557876952
558837461
561769437
562743084
569079681
572574370
590724136
605077247
607281500
608060852
610475843
612397075
612486189
614431225
614527375
614639526
614830191
616227235
629452051
631321262
631359942
635287468
639107269
641341854
650637445
651069959
655242865
656882602
657206666
663743986
665230702
670122211
678712512
679256538
689340425
692909998
699293542
702959178
706458690
707015565
709562270
715939626
724072511
726159559
729057306
730010747
733212738
737134712
738069343
741718181
746804040
747965151
750691264
756797311
758154386
766045861
768790006
770426738
776144686
777472021
779017694
781436716
782952570
783739875
785274924
791764858
797947167
799241939
800106343
804188981
809425576
809977343
813615522
814804878
817871055
823366680
831456334
832993385
834696685
836880424
842822115
846434623
850619745
851098569
857698604
860040653
868443842
877403581
877911735
882570580
884598648
885141402
885691076
890797638
898732538
903296705
909200955
919405610
921963895
924419108
930854327
948958958
949275734
951371930
955716768
963213086
968488601
971704597
980186988
986997642
990877613
991809417
994496762
1004915392
1006013942
1006105663
1013077349
1016824207
1017721804
1022160318
1025881629
1026341052
1027710358
1028424316
1034983086
1036131327
1044690502
1061218635
1061727829
1063925678
1070861195
1073670874
1077700236
1079935404
1083739146
1086911355
1105852324
1107654763
1113668951
1115900345
1116099626
1121361246
1129859821
1132721940
1132836736
1157216166
1158360403
1161358355
1165097338
1165453336
1170429484
1174893502
1178543765
1180054548
1185012296
1193134704
1194361628
1195683449
1202226619
1204472103
1207337794
1211613521
1213829113
1214190603
1214745394
1215488813
1216711665
1237384281
1239845228
1246396364
1249129796
1251207712
1251542356
1252623749
1252658641
1253740461
1261575460
1264479656
1267776467
1269298265
1270497622
1273665065
1276576389
1279044452
1283129765
1292449489
1304524570
1309598790
1311513118
1318279619
1318282790
1319538200
1323094141
1323874504
1330566522
1332671339
1352947321
1356290225
1358209258
1360292384
1364926496
1371491234
1378273673
1378901113
1386321717
1393742808
1398381691
1399330498
1404622071
1408554544
1409596578
1409952037
1415497555
1417445278
1428161243
1431543711
1431990009
1435406751
1438932535
1449470723
1451430061
1454845266
1455716616
1456625345
1459319556
1460454536
1460855451
1468330610
1473515968
1486898356
1492118742
1495865959
1506112703
1508611627
1516905450
1524256158
1541565173
1542593583
1549224122
1550850150
1550946151
1552679970
1554006113
1556331523
1558520525
1567489943
1572008940
1576313583
1576604513
1586610132
1587387706
1589214902
1590696512
1593982891
1595624009
1601252682
1603911222
1605354217
1607375435
1610044213
1614431520
1619703210
1622484897
1623335009
1631487913
1632383790
1632816930
1634513292
1639276652
1648202950
1653414689
1666732576
1667865340
1676929694
1685197793
1692544197
1700290295
1704289273
1705151367
1705999871
1706929674
1707797640
1711609435
1714237301
1715763940
1717679523
1720983371
1723325497
1733180770
1734503861
1737746130
1745057634
1749431407
1756904063
1758588890
1759591127
1761982254
1772296524
1773204801
1777023980
1777030256
1790786863
1793189145
1795110558
1795634279
1800705672
1801984044
1802567662
1803866060
1805872153
1806635649
1815541215
1825900701
1826787532
1827399281
1840565654
1846060066
1849603027
1850846424
1851714612
1851968944
1852327424
1856413514
1861542740
1864239830
1872746767
1876291939
1876373903
1883249725
1886111797
1889047661
1890937590
1895521194
1900898145
1904784488
1919922365
1920804711
1923713865
1928213823
1930879833
1940090758
1944630997
1956242219
1958779757
1960980033
1963045999
1966429812
1967528226
1974276806
1975816733
1978347497
1979265662
1980481970
1996564778
1998415111
2006654077
2007926716
2012714836
2016535586
2017313094
2018001040
2021196205
2033022406
2041250612
2049152175
2057344895
2067515264
2073393183
2073591206
2076961840
2078993437
2088348443
2090103622
2094068926
2096390243
2101262063
2102618258
2107304063
2108143907
2108708032
2109134933
2113736115
2116387459
2117243657
2128236853
2134304263
2135151588
2138300654
2144967093
2145094677
